login		prog	average	total tasks

assessor56	1.1324	0.4258	411
assessor3	1.1601	0.4601	426
assessor234	1.1677	0.4848	99
assessor118	1.1816	0.4757	391
assessor390	1.1830	0.4806	412
assessor9	1.4799	0.7400	423
assessor550	1.4813	0.7266	128
assessor154	1.4909	0.7556	405
assessor180	1.4936	0.7673	404
assessor366	1.4969	0.7700	413
assessor71	1.5030	0.7575	433
assessor335	1.5060	0.7422	419
assessor371	1.5120	0.7751	409
assessor532	1.5127	0.7760	442
assessor136	1.5146	0.7780	410
assessor109	1.5146	0.7805	410
assessor598	1.5153	0.7751	418
assessor157	1.5177	0.7791	430
assessor44	1.5181	0.7667	403
assessor219	1.5183	0.7614	394
assessor92	1.5206	0.7632	418
assessor39	1.5216	0.7710	393
assessor412	1.5249	0.7637	402
assessor221	1.5250	0.7600	400
assessor504	1.5265	0.7925	400
assessor575	1.5300	0.7698	417
assessor295	1.5309	0.7826	391
assessor332	1.5315	0.8020	394
assessor223	1.5326	0.7986	427
assessor451	1.5338	0.7786	402
assessor183	1.5340	0.8024	415
assessor169	1.5343	0.8005	411
assessor493	1.5343	0.7868	408
assessor498	1.5352	0.8138	435
assessor170	1.5357	0.7756	401
assessor155	1.5358	0.7953	430
assessor585	1.5362	0.7814	398
assessor419	1.5363	0.8031	386
assessor140	1.5368	0.7755	481
assessor383	1.5369	0.7903	453
assessor149	1.5369	0.7913	393
assessor434	1.5370	0.7874	381
assessor235	1.5370	0.7724	435
assessor495	1.5374	0.7819	431
assessor321	1.5381	0.8082	417
assessor105	1.5384	0.8030	406
assessor388	1.5386	0.7936	407
assessor485	1.5386	0.7903	391
assessor197	1.5388	0.7799	418
assessor336	1.5401	0.8274	394
assessor400	1.5401	0.7810	411
assessor317	1.5404	0.7970	399
assessor53	1.5404	0.7882	406
assessor131	1.5406	0.7995	434
assessor474	1.5406	0.7884	397
assessor452	1.5409	0.7895	399
assessor354	1.5410	0.7658	427
assessor469	1.5436	0.8005	411
assessor442	1.5436	0.8015	408
assessor119	1.5445	0.7995	429
assessor340	1.5446	0.8129	433
assessor381	1.5450	0.8045	404
assessor470	1.5451	0.7928	415
assessor384	1.5454	0.8081	443
assessor525	1.5455	0.8157	396
assessor393	1.5457	0.7970	394
assessor408	1.5457	0.8009	442
assessor2	1.5462	0.7995	379
assessor367	1.5466	0.7913	412
assessor531	1.5466	0.8058	412
assessor277	1.5468	0.8053	380
assessor299	1.5470	0.8093	430
assessor399	1.5470	0.8041	434
assessor446	1.5471	0.8058	412
assessor379	1.5477	0.7838	444
assessor238	1.5488	0.8000	430
assessor189	1.5489	0.7989	368
assessor181	1.5494	0.8140	387
assessor526	1.5495	0.7879	396
assessor564	1.5496	0.8117	409
assessor103	1.5498	0.7933	450
assessor228	1.5500	0.7948	424
assessor263	1.5501	0.8095	441
assessor20	1.5502	0.7915	422
assessor392	1.5504	0.8065	403
assessor398	1.5504	0.7797	395
assessor264	1.5505	0.7827	428
assessor13	1.5511	0.7748	413
assessor19	1.5514	0.8020	399
assessor94	1.5522	0.7849	372
assessor459	1.5524	0.8169	437
assessor389	1.5529	0.8152	433
assessor303	1.5532	0.7984	372
assessor174	1.5534	0.7945	438
assessor85	1.5536	0.8091	440
assessor201	1.5539	0.7895	456
assessor248	1.5544	0.7995	439
assessor141	1.5545	0.8063	444
assessor418	1.5546	0.7854	410
assessor588	1.5548	0.8004	456
assessor215	1.5550	0.8069	404
assessor1	1.5553	0.8010	412
assessor432	1.5555	0.7848	409
assessor46	1.5555	0.7824	409
assessor460	1.5556	0.7826	414
assessor135	1.5556	0.8019	414
assessor148	1.5557	0.7939	456
assessor359	1.5557	0.7991	438
assessor429	1.5558	0.7981	416
assessor52	1.5560	0.8000	405
assessor232	1.5564	0.8045	404
assessor467	1.5567	0.8119	420
assessor500	1.5571	0.8065	434
assessor220	1.5572	0.8086	397
assessor214	1.5583	0.8117	446
assessor519	1.5586	0.8141	425
assessor96	1.5588	0.8049	451
assessor355	1.5589	0.8014	423
assessor346	1.5591	0.8070	430
assessor503	1.5591	0.7904	396
assessor584	1.5591	0.8180	445
assessor473	1.5592	0.8186	397
assessor580	1.5593	0.7940	398
assessor194	1.5595	0.8000	425
assessor22	1.5597	0.7891	422
assessor165	1.5597	0.8137	467
assessor576	1.5598	0.8117	393
assessor541	1.5599	0.8153	444
assessor187	1.5600	0.8025	395
assessor252	1.5605	0.8141	425
assessor395	1.5606	0.8029	411
assessor497	1.5606	0.7963	432
assessor67	1.5615	0.7969	384
assessor421	1.5617	0.8206	407
assessor496	1.5620	0.7934	426
assessor10	1.5621	0.7923	443
assessor21	1.5623	0.7933	387
assessor294	1.5625	0.7981	411
assessor308	1.5630	0.8014	438
assessor425	1.5632	0.7990	418
assessor4	1.5632	0.8278	418
assessor142	1.5633	0.8142	436
assessor510	1.5639	0.8032	432
assessor569	1.5640	0.8123	389
assessor265	1.5641	0.8180	412
assessor558	1.5644	0.8119	404
assessor134	1.5644	0.8218	404
assessor313	1.5644	0.8052	421
assessor514	1.5644	0.8170	399
assessor423	1.5645	0.8152	422
assessor562	1.5651	0.8152	395
assessor24	1.5651	0.8015	413
assessor68	1.5652	0.8182	385
assessor286	1.5652	0.8169	437
assessor563	1.5656	0.8087	413
assessor222	1.5658	0.8223	439
assessor297	1.5658	0.8157	445
assessor65	1.5659	0.7877	405
assessor274	1.5663	0.8155	439
assessor88	1.5667	0.8085	402
assessor209	1.5667	0.7995	384
assessor273	1.5671	0.8000	450
assessor430	1.5672	0.7886	402
assessor250	1.5672	0.8085	402
assessor93	1.5672	0.8131	396
assessor307	1.5672	0.8292	439
assessor511	1.5674	0.8077	442
assessor258	1.5675	0.8079	406
assessor196	1.5677	0.8131	396
assessor456	1.5678	0.8098	410
assessor276	1.5679	0.7895	399
assessor428	1.5682	0.8128	390
assessor312	1.5687	0.8333	402
assessor521	1.5687	0.8096	415
assessor111	1.5688	0.7965	398
assessor586	1.5694	0.8118	425
assessor115	1.5694	0.8194	432
assessor468	1.5695	0.8231	407
assessor581	1.5697	0.8101	416
assessor422	1.5700	0.8018	434
assessor200	1.5702	0.8050	436
assessor113	1.5709	0.8122	426
assessor247	1.5709	0.8271	399
assessor394	1.5710	0.8043	414
assessor124	1.5712	0.8220	382
assessor100	1.5712	0.8010	417
assessor339	1.5713	0.8246	439
assessor517	1.5716	0.8337	451
assessor66	1.5717	0.8058	417
assessor54	1.5717	0.8058	417
assessor478	1.5717	0.8244	410
assessor552	1.5721	0.8156	423
assessor30	1.5722	0.8141	425
assessor36	1.5725	0.8149	443
assessor138	1.5727	0.8182	374
assessor143	1.5731	0.8274	394
assessor535	1.5731	0.8172	454
assessor477	1.5734	0.8131	428
assessor114	1.5734	0.7995	414
assessor343	1.5736	0.8225	417
assessor48	1.5739	0.8205	429
assessor512	1.5739	0.8053	452
assessor79	1.5741	0.7906	425
assessor17	1.5741	0.8254	441
assessor349	1.5743	0.8130	460
assessor330	1.5744	0.8179	390
assessor208	1.5746	0.8358	402
assessor87	1.5749	0.7976	415
assessor350	1.5750	0.8214	448
assessor76	1.5753	0.8182	396
assessor225	1.5753	0.8413	397
assessor290	1.5754	0.7915	422
assessor43	1.5754	0.8210	447
assessor457	1.5757	0.8346	387
assessor102	1.5760	0.8222	433
assessor41	1.5763	0.8123	405
assessor491	1.5764	0.8337	415
assessor305	1.5764	0.7961	407
assessor28	1.5766	0.8184	402
assessor110	1.5767	0.8191	387
assessor314	1.5768	0.8341	440
assessor476	1.5771	0.8000	375
assessor25	1.5771	0.8224	411
assessor81	1.5773	0.8120	415
assessor86	1.5776	0.8073	410
assessor539	1.5777	0.8329	431
assessor509	1.5779	0.8125	416
assessor362	1.5781	0.8228	429
assessor341	1.5781	0.8090	466
assessor338	1.5782	0.8141	441
assessor542	1.5787	0.8213	414
assessor300	1.5790	0.8210	419
assessor239	1.5792	0.8099	384
assessor281	1.5794	0.8119	388
assessor253	1.5795	0.8262	420
assessor482	1.5796	0.8283	431
assessor431	1.5799	0.8211	408
assessor178	1.5805	0.8415	410
assessor583	1.5806	0.8199	433
assessor344	1.5810	0.8102	432
assessor488	1.5812	0.8099	405
assessor35	1.5816	0.8360	445
assessor445	1.5817	0.8123	405
assessor554	1.5820	0.8200	411
assessor266	1.5821	0.8366	459
assessor523	1.5824	0.8266	444
assessor192	1.5830	0.8274	423
assessor193	1.5830	0.8322	435
assessor311	1.5831	0.8189	403
assessor185	1.5831	0.8048	415
assessor12	1.5832	0.8295	440
assessor533	1.5833	0.8304	454
assessor257	1.5837	0.8146	453
assessor275	1.5837	0.8254	441
assessor33	1.5839	0.8109	423
assessor376	1.5840	0.8063	413
assessor589	1.5842	0.8266	444
assessor463	1.5843	0.8064	408
assessor246	1.5848	0.8175	422
assessor447	1.5851	0.8249	417
assessor546	1.5858	0.8257	436
assessor536	1.5859	0.8234	453
assessor40	1.5860	0.8256	430
assessor566	1.5861	0.8184	402
assessor188	1.5861	0.8333	402
assessor291	1.5865	0.8429	401
assessor298	1.5867	0.8050	436
assessor403	1.5867	0.8104	422
assessor333	1.5872	0.8363	452
assessor27	1.5872	0.8305	407
assessor289	1.5880	0.8160	451
assessor73	1.5880	0.8161	435
assessor293	1.5883	0.8290	427
assessor283	1.5885	0.8226	451
assessor227	1.5887	0.8231	424
assessor112	1.5889	0.8067	450
assessor537	1.5904	0.8289	415
assessor11	1.5905	0.8284	402
assessor417	1.5910	0.8354	401
assessor116	1.5915	0.8246	422
assessor195	1.5915	0.8416	423
assessor557	1.5915	0.8278	424
assessor499	1.5917	0.8268	456
assessor74	1.5917	0.8220	410
assessor6	1.5918	0.8428	439
assessor410	1.5918	0.8321	417
assessor211	1.5919	0.8325	418
assessor205	1.5921	0.8344	453
assessor16	1.5921	0.8294	428
assessor518	1.5923	0.8325	388
assessor385	1.5927	0.8394	411
assessor401	1.5929	0.8171	421
assessor556	1.5932	0.8354	413
assessor593	1.5933	0.8453	446
assessor251	1.5936	0.8292	404
assessor268	1.5936	0.8186	408
assessor453	1.5939	0.8135	429
assessor60	1.5940	0.8299	435
assessor23	1.5942	0.8329	413
assessor407	1.5945	0.8176	433
assessor592	1.5950	0.8281	442
assessor327	1.5951	0.8195	410
assessor58	1.5952	0.8369	417
assessor466	1.5955	0.8263	403
assessor231	1.5962	0.8294	422
assessor224	1.5964	0.8519	439
assessor106	1.5966	0.8177	417
assessor130	1.5970	0.8262	397
assessor472	1.5971	0.8333	408
assessor415	1.5971	0.8232	413
assessor226	1.5973	0.8169	437
assessor559	1.5977	0.8420	443
assessor57	1.5978	0.8371	448
assessor236	1.5979	0.8330	467
assessor0	1.5980	0.8379	401
assessor402	1.5985	0.8376	388
assessor396	1.5990	0.8230	418
assessor167	1.5991	0.8513	437
assessor323	1.5991	0.8341	440
assessor146	1.5995	0.8512	410
assessor164	1.5995	0.8412	422
assessor280	1.6000	0.8426	413
assessor352	1.6005	0.8346	405
assessor90	1.6005	0.8467	398
assessor527	1.6005	0.8392	398
assessor486	1.6005	0.8472	386
assessor260	1.6014	0.8429	420
assessor107	1.6014	0.8373	418
assessor70	1.6019	0.8422	412
assessor582	1.6028	0.8353	425
assessor437	1.6029	0.8471	412
assessor210	1.6032	0.8442	443
assessor77	1.6033	0.8326	430
assessor47	1.6034	0.8297	417
assessor587	1.6034	0.8463	410
assessor574	1.6035	0.8304	454
assessor129	1.6036	0.8367	441
assessor241	1.6036	0.8364	385
assessor524	1.6037	0.8421	437
assessor84	1.6037	0.8349	436
assessor80	1.6043	0.8454	414
assessor242	1.6045	0.8582	402
assessor347	1.6045	0.8429	401
assessor159	1.6047	0.8420	424
assessor61	1.6052	0.8255	424
assessor571	1.6052	0.8310	420
assessor324	1.6058	0.8475	413
assessor218	1.6058	0.8184	413
assessor322	1.6069	0.8426	432
assessor69	1.6077	0.8305	413
assessor108	1.6079	0.8422	431
assessor78	1.6086	0.8304	395
assessor292	1.6088	0.8554	408
assessor573	1.6090	0.8360	445
assessor590	1.6094	0.8337	445
assessor455	1.6104	0.8447	425
assessor31	1.6122	0.8357	426
assessor489	1.6125	0.8571	448
assessor461	1.6127	0.8467	411
assessor440	1.6134	0.8540	404
assessor173	1.6141	0.8374	412
assessor288	1.6142	0.8456	395
assessor364	1.6144	0.8635	403
assessor427	1.6147	0.8362	409
assessor378	1.6147	0.8509	436
assessor529	1.6150	0.8429	401
assessor15	1.6159	0.8712	427
assessor83	1.6161	0.8731	386
assessor168	1.6163	0.8465	430
assessor216	1.6168	0.8801	417
assessor538	1.6169	0.8383	402
assessor480	1.6177	0.8473	419
assessor320	1.6183	0.8852	427
assessor7	1.6186	0.8794	398
assessor279	1.6186	0.8545	440
assessor267	1.6188	0.8680	394
assessor595	1.6230	0.8491	444
assessor507	1.6231	0.8659	425
assessor163	1.6241	0.8271	399
assessor37	1.6241	0.8698	407
assessor416	1.6245	0.8776	441
assessor454	1.6246	0.8542	391
assessor175	1.6250	0.8727	440
assessor356	1.6254	0.8609	417
assessor348	1.6256	0.8626	422
assessor59	1.6257	0.8568	412
assessor177	1.6266	0.8442	398
assessor377	1.6267	0.8878	419
assessor152	1.6283	0.8478	460
assessor334	1.6284	0.8534	423
assessor471	1.6297	0.8656	424
assessor406	1.6309	0.8613	447
assessor160	1.6311	0.8714	412
assessor182	1.6314	0.8816	414
assessor405	1.6322	0.8701	385
assessor444	1.6325	0.8876	418
assessor278	1.6326	0.8721	430
assessor302	1.6330	0.8764	437
assessor370	1.6338	0.8536	444
assessor99	1.6345	0.8874	435
assessor397	1.6345	0.8849	417
assessor133	1.6352	0.8858	438
assessor244	1.6372	0.8841	414
assessor433	1.6385	0.8790	405
assessor319	1.6387	0.8819	398
assessor243	1.6401	0.8848	434
assessor555	1.6403	0.8815	422
assessor190	1.6404	0.8589	411
assessor198	1.6409	0.8698	430
assessor369	1.6410	0.8554	415
assessor484	1.6412	0.8717	374
assessor337	1.6419	0.8867	415
assessor502	1.6424	0.8828	401
assessor310	1.6424	0.8756	410
assessor386	1.6429	0.8892	424
assessor540	1.6435	0.8849	391
assessor62	1.6444	0.8668	428
assessor127	1.6449	0.8889	423
assessor230	1.6455	0.8829	444
assessor98	1.6467	0.8822	450
assessor206	1.6468	0.8883	385
assessor14	1.6469	0.8778	409
assessor249	1.6470	0.8757	370
assessor360	1.6477	0.8821	407
assessor475	1.6477	0.8970	398
assessor45	1.6481	0.8697	399
assessor591	1.6486	0.9038	416
assessor520	1.6492	0.8806	427
assessor117	1.6505	0.8952	420
assessor368	1.6510	0.8972	467
assessor544	1.6512	0.8806	402
assessor567	1.6514	0.8855	393
assessor492	1.6515	0.8897	408
assessor572	1.6515	0.8825	400
assessor565	1.6518	0.8991	436
assessor391	1.6529	0.8817	431
assessor125	1.6530	0.8794	423
assessor506	1.6533	0.8987	375
assessor465	1.6534	0.8778	401
assessor372	1.6535	0.8843	415
assessor255	1.6538	0.8846	364
assessor365	1.6541	0.8951	429
assessor254	1.6541	0.8886	377
assessor579	1.6545	0.8897	426
assessor501	1.6545	0.8675	400
assessor597	1.6545	0.8928	429
assessor342	1.6550	0.8928	429
assessor287	1.6551	0.8962	443
assessor441	1.6553	0.8916	369
assessor18	1.6556	0.8662	396
assessor132	1.6558	0.8936	423
assessor578	1.6560	0.8876	436
assessor353	1.6561	0.8829	410
assessor568	1.6561	0.8817	431
assessor570	1.6563	0.9003	391
assessor382	1.6567	0.8814	430
assessor120	1.6569	0.8843	415
assessor304	1.6569	0.8978	411
assessor547	1.6571	0.8980	392
assessor331	1.6575	0.8875	400
assessor139	1.6575	0.8952	372
assessor306	1.6575	0.8742	445
assessor179	1.6577	0.8822	416
assessor414	1.6578	0.8799	408
assessor487	1.6582	0.9045	419
assessor505	1.6586	0.8785	461
assessor203	1.6586	0.9023	430
assessor449	1.6586	0.8889	423
assessor49	1.6590	0.8962	424
assessor479	1.6590	0.8921	417
assessor150	1.6593	0.8982	442
assessor424	1.6596	0.8933	403
assessor358	1.6596	0.9043	376
assessor326	1.6604	0.9033	424
assessor262	1.6605	0.8913	423
assessor240	1.6611	0.9027	442
assessor259	1.6613	0.9100	411
assessor553	1.6614	0.8986	414
assessor144	1.6616	0.9093	419
assessor8	1.6625	0.8875	400
assessor204	1.6630	0.8942	378
assessor50	1.6634	0.8826	426
assessor357	1.6635	0.8975	400
assessor156	1.6636	0.8794	456
assessor186	1.6637	0.8852	427
assessor126	1.6638	0.9066	439
assessor560	1.6639	0.8943	407
assessor438	1.6649	0.8976	410
assessor245	1.6651	0.8867	415
assessor543	1.6653	0.8934	441
assessor490	1.6654	0.9080	413
assessor237	1.6655	0.8983	403
assessor328	1.6656	0.8829	427
assessor101	1.6660	0.8759	403
assessor271	1.6662	0.8985	453
assessor91	1.6665	0.8998	409
assessor534	1.6667	0.8928	429
assessor462	1.6667	0.9067	450
assessor513	1.6668	0.8972	389
assessor387	1.6670	0.8868	433
assessor162	1.6670	0.9070	430
assessor420	1.6674	0.9014	365
assessor51	1.6676	0.8967	426
assessor72	1.6680	0.8925	400
assessor229	1.6683	0.8910	413
assessor481	1.6685	0.8807	394
assessor137	1.6690	0.8983	403
assessor284	1.6691	0.8939	443
assessor316	1.6692	0.8998	419
assessor82	1.6695	0.9132	403
assessor282	1.6700	0.9000	440
assessor561	1.6701	0.9003	391
assessor199	1.6701	0.8921	445
assessor202	1.6701	0.8986	365
assessor29	1.6703	0.8950	438
assessor361	1.6705	0.9058	414
assessor548	1.6706	0.8914	442
assessor42	1.6708	0.8947	418
assessor426	1.6709	0.8834	429
assessor147	1.6710	0.9082	414
assessor301	1.6717	0.8973	438
assessor515	1.6721	0.8984	433
assessor404	1.6721	0.8980	441
assessor530	1.6721	0.8894	416
assessor458	1.6722	0.9013	446
assessor158	1.6724	0.8828	384
assessor285	1.6727	0.9049	410
assessor443	1.6727	0.9051	432
assessor375	1.6735	0.9069	419
assessor122	1.6736	0.8989	435
assessor577	1.6738	0.9125	423
assessor599	1.6750	0.9057	424
assessor166	1.6752	0.9060	415
assessor217	1.6752	0.9048	420
assessor5	1.6754	0.9007	403
assessor594	1.6756	0.9041	386
assessor464	1.6759	0.8962	395
assessor549	1.6764	0.8935	432
assessor123	1.6766	0.9104	402
assessor128	1.6771	0.9141	384
assessor121	1.6773	0.9120	409
assessor269	1.6778	0.8995	388
assessor309	1.6779	0.8963	434
assessor172	1.6781	0.9053	433
assessor325	1.6783	0.9040	396
assessor551	1.6791	0.9058	382
assessor233	1.6791	0.9057	435
assessor508	1.6804	0.8923	418
assessor26	1.6812	0.8980	441
assessor161	1.6817	0.9000	480
assessor374	1.6818	0.9056	445
assessor171	1.6819	0.9108	437
assessor151	1.6824	0.9190	420
assessor315	1.6829	0.9067	386
assessor104	1.6834	0.9012	415
assessor363	1.6835	0.9041	417
assessor545	1.6842	0.9234	444
assessor34	1.6847	0.8876	418
assessor55	1.6851	0.8982	383
assessor380	1.6852	0.9112	439
assessor64	1.6855	0.8979	421
assessor270	1.6858	0.9151	424
assessor522	1.6862	0.9009	434
assessor89	1.6864	0.9038	426
assessor213	1.6865	0.9047	451
assessor436	1.6868	0.9069	408
assessor272	1.6875	0.9046	409
assessor413	1.6878	0.9069	419
assessor448	1.6886	0.9119	420
assessor153	1.6893	0.9162	394
assessor318	1.6894	0.9095	398
assessor516	1.6897	0.8996	448
assessor207	1.6901	0.9073	453
assessor256	1.6901	0.8892	406
assessor95	1.6902	0.9089	428
assessor435	1.6909	0.9059	372
assessor596	1.6920	0.9171	398
assessor75	1.6926	0.9074	432
assessor439	1.6926	0.9045	419
assessor212	1.6936	0.9099	455
assessor345	1.6942	0.9078	412
assessor351	1.6942	0.9089	450
assessor63	1.6954	0.9218	409
assessor329	1.6962	0.9214	420
assessor409	1.6962	0.9063	395
assessor373	1.6963	0.9120	432
assessor32	1.6971	0.9071	420
assessor97	1.6979	0.9054	423
assessor450	1.6987	0.9198	399
assessor411	1.7009	0.9087	438
assessor494	1.7013	0.9040	375
assessor145	1.7016	0.9069	376
assessor528	1.7018	0.9190	395
assessor261	1.7023	0.9126	389
assessor38	1.7032	0.9197	411
assessor176	1.7078	0.9169	397
assessor483	1.7099	0.9108	415
assessor296	1.7105	0.9238	420
assessor184	1.7109	0.9229	402
assessor191	1.7169	0.9215	484
